1
8
12
38
51
65
112
113
116
124
126
133
135
145
169
170
172
183
207
231
255
274
301
306
328
331
363
365
375
382
384
391
399
405
410
438
459
468
484
488
517
524
536
548
585
590
591
603
616
622
625
629
643
656
666
679
681
689
697
702
718
733
744
747
748
753
772
776
799
803
827
868
871
874
902
904
909
912
915
930
956
961
973
986
991
1017
1026
1028
1032
1067
1102
1115
1128
1142
1152
1172
1183
1194
1195
1201
1208
1231
1244
1270
1285
1309
1310
1365
1372
1380
1401
1402
1403
1416
1426
1427
1434
1440
1483
1523
1524
1527
1549
1554
1557
1559
1563
1568
1593
1598
1606
1686
1688
1697
1702
1708
1709
1710
1716
1719
1732
1783
1807
1816
1835
1839
1855
1860
1868
1870
1892
1893
1894
1900
1903
1904
1912
1921
1927
1939
1943
1957
1968
1973
1998
2000
2015
2026
2041
2042
2045
2053
2055
2074
2086
2089
2098
2101
2117
2119
2123
2124
2129
2154
2159
2162
2167
2191
2210
2242
2243
2308
2311
2327
2330
2341
2342
2360
2408
2416
2428
2437
2460
2463
2467
2488
2492
2533
2586
2590
2611
2646
2654
2678
2706
2708
2719
2724
2739
2742
2752
2761
2770
2779
2806
2827
2839
2840
2844
2858
2917
2923
2924
2931
2956
2964
2977
2979
2994
3007
3022
3032
3057
3078
3100
3115
3143
3144
3150
3158
3179
3190
3203
3228
3230
3240
3255
3268
3316
3333
3338
3345
3347
3351
3352
3368
3383
3394
3403
3417
3421
3460
3465
3468
3479
3497
3544
3556
3562
3566
3568
3581
3582
3588
3607
3629
3637
3646
3669
3693
3720
3726
3729
3741
3742
3743
3761
3786
3802
3803
3814
3818
3824
3835
3847
3858
3880
3918
3963
3985
4000
4004
4013
4028
4034
4049
4050
4082
4104
4128
4168
4179
4200
4218
4242
4252
4275
4300
4313
4318
4327
4356
4360
4377
4398
4406
4412
4437
4438
4441
4443
4445
4447
4451
4472
4483
4484
4510
4523
4526
4547
4568
4574
4582
4597
4612
4632
4683
4693
4695
4707
4712
4726
4768
4819
4838
4843
4857
4880
4894
4925
4928
4945
4982
4995
5063
5078
5079
5118
5137
16869
16873
16892
16897
16940
16953
16961
17049
17051
17080
17082
17092
17095
17096
17101
17104
17112
17129
17134
17169
17178
17198
17221
17236
17272
17285
17295
17346
17352
17370
17378
17383
17391
17405
17417
17476
17489
17495
17500
17517
17530
17558
17577
17607
17608
17639
17642
17670
17690
17693
17694
17711
17737
17762
17765
17788
17804
17817
17834
17839
17855
17861
17863
17916
17922
17942
17944
17948
17998
18067
18076
18080
18113
18115
18117
18137
18152
18204
18223
18242
18249
18259
18262
18285
18294
18331
18353
18363
18373
18389
18420
18463
18498
18532
18540
18549
18561
18566
18582
18612
18667
18669
18692
18695
18729
18739
18742
18744
18751
18753
18755
18775
18780
18782
18795
18801
18815
18835
18838
18847
18871
18912
18942
18955
18983
18986
19006
19022
19040
19043
19048
19069
19073
19076
19091
19099
19101
19135
19162
19181
19221
19222
19232
19260
19264
19270
19277
19302
19334
19347
19361
19398
19405
19433
19452
19461
19465
19477
19486
19503
19528
19557
19560
19608
19611
19618
19624
19636
19642
19680
19701
19718
19728
19765
19774
19786
19794
19801
19852
19858
19903
19914
19928
19941
19965
20049
20070
20086
20092
20127
20135
20197
20215
20227
20233
20236
20240
20252
20255
20269
20289
20290
20322
20339
20359
20374
20378
20384
20402
20406
20418
20427
20433
20453
20462
20464
20508
20514
20539
20561
20574
20580
20601
20622
20668
20681
20693
20697
20701
20719
20720
20751
20798
20815
20821
20834
20882
20891
20912
20914
20918
20921
20924
20926
20937
20938
20939
20981
20992
20997
21026
21041
21050
21051
21068
21086
21109
21126
21127
21132
21139
21141
21144
21149
21197
21202
21254
21294
21300
21304
21306
21314
21339
21371
21379
21398
21407
21416
21423
21440
21451
21457
21480
21491
21512
21515
21518
21532
21541
21550
21554
21570
21601
21615
21655
21662
21677
21686
21713
21790
21812
21820
21824
21858
21862
21890
21976
22019
22030
22039
22159
22162
22241
22387
22509
22612
22670
22790
22876
22895
22910
22930
22955
22966
23052
23079
23134
23234
23303
23339
23344
23395
23652
24212
24232
24320
24329
24463
24477
24479
24737
24758
24793
24896
24917
24970
24989
24997
25022
25029
25096
25151
25221
25237
25323
25356
25436
25437
25609
25644
25645
25652
25670
25678
25688
25802
26129
26156
26177
26212
26388
26485
26714
26772
26904
26915
26920
26955
26981
27085
27119
27152
27206
27237
27245
27252
27273
27285
27299
27305
27457
27470
27549
27550
27818
27820
27825
27826
27875
27891
27969
27977
28012
28229
28256
28485
28537
28566
28622
28738
28890
28923
28934
28968
29100
29202
29304
29327
29412
29580
29581
29586
29588
29594
29658
29674
29676
29683
29694
29695
29781
29823
29842
29877
30087
30108
30129
30150
30398
30414
30612
30626
30681
30817
30863
30885
30997
31146
31184
31239
31258
31395
31422
31571
31576
31709
31794
31854
31952
31973
32006
32131
32461
32558
32604
32682
32792
32835
32900
32952
33004
33038
33059
33123
33141
33143
33226
33275
33313
33314
33487
33669
33814
33848
34097
34187
34314
34571
34836
34868
34872
34873
34875
34879
34883
34884
34904
34910
34915
34918
34925
34932
34934
34954
34962
34966
34967
34968
34970
34998
35025
35027
35032
35034
35035
35036
35041
35073
35194
35198
35280
35282
35288
35308
35338
35348
35428
35455
35511
35524
35589
36056
36147
36448
36457
36465
36598
36603
36756
36760
36778
36861
36984
37156
37279
37497
37526
37720
37796
37811
37815
37855
38138
38285
38346
38646
38661
38857
38933
38945
38952
38955
38959
38966
38970
39053
39081
39175
39217
39279
39320
39505
39584
39594
39637
39645
39757
39832
39850
39874
39890
40062
40085
40259
40328
40333
40427
40579
40585
40588
40595
40632
40638
40751
40765
40788
40851
40877
40970
41018
41023
41039
41104
41152
41215
41225
41232
41260
41285
41288
41300
41318
41321
41336
41467
41542
41601
41619
41628
41640
41649
41667
41694
41697
41747
41983
41988
42034
42042
42085
42156
42183
42200
42205
42230
42236
42272
42305
42328
42493
42496
42563
42569
42664
42718
42736
42752
42792
42802
42820
42846
42857
42880
42894
42907
42928
42990
43104
43114
43126
43163
43211
43296
43462
43492
43508
43528
43564
43587
43588
43649
43763
43851
43876
43894
43905
43915
43950
43958
44014
44022
44057
44120
44129
44142
44190
44315
44325
44335
44355
44395
44423
44428
44498
44507
44553
44592
44600
44664
44666
44684
44713
44743
44762
44808
44868
44870
44897
44922
44961
44972
44991
45049
45058
45059
45089
45115
45140
45187
45191
45199
45236
45284
45316
45575
45670
45722
45723
45729
45733
45746
45750
45771
45798
45821
45822
45823
45824
45825
45826
45827
45828
45829
45830
45831
45832
45833
45834
45835
45836
45837
45838
45839
45840
45841
45842
45843
45844
45845
45846
45850
45854
45857
45859
45863
45865
45869
45880
45882
45906
45908
45909
45912
45945
45950
45953
45978
45982
45997
45998
46056
46072
46083
46106
46129
46135
46141
46155
46175
46231
46239
46243
46255
46260
46304
46307
46339
46341
46394
46452
46488
46522
46528
46540
46550
46551
46630
46707
46721
46794
46845
46856
46868
46873
46888
46972
46991
47004
47034
47044
47083
47101
47115
47159
47160
47212
47222
47237
47241
47376
47381
47401
47434
47435
47436
47437
47438
47439
47440
47441
47442
47498
47507
47511
47526
47538
47540
47546
47560
47571
47579
47587
47598
47615
47616
47681
47775
47781
47787
47792
47796
47815
47856
47863
47869
47888
47905
47917
47946
47961
47962
47963
47964
47967
48018
48019
48042
48044
48045
48068
48085
48086
48119
48153
48162
48182
48218
48231
48234
48318
48353
48357
48387
48388
48390
48454
48477
48577
48582
48590
48591
48608
48609
48693
48696
48704
48706
48745
48748
48765
48772
48774
48778
48796
48797
48814
48820
48826
48830
48832
48840
48843
48845
48850
48852
48854
48863
48867
48871
48875
48878
48886
48888
48905
48920
48921
48930
48933
48950
48951
48962
48964
48967
48970
48986
48992
49000
49004
49009
49011
49012
49014
49018
49021
49026
49030
49031
49034
49038
49039
49042
49054
49055
49058
49065
49075
49078
49085
49098
49104
49122
49128
49179
49209
49230
49231
49239
49258
49268
49299
49304
49312
49313
49337
49369
49383
49397
49402
49413
49415
49417
49418
49428
49437
49450
49464
49513
49519
49544
49551
49579
49617
49647
49705
49720
49727
49757
49786
49801
49813
49868
49880
49941
49951
49998
50000
50029
50144
50161
50184
50205
50207
50290
50431
50432
50433
50437
50438
50439
50440
50441
50450
50451
50482
50497
50514
50523
50719
50747
50919
51085
51123
51381
51404
51468
51770
51771
51788
51873
51930
51964
51965
51982
52053
52153
52178
52208
52244
52384
52396
52485
52589
52657
52688
52695
52717
52720
52984
52988
52989
52994
53048
53068
53103
53104
53121
53147
53166
53227
53228
53239
53245
53250
53257
53258
53269
53270
53271
53280
53393
53527
53531
53567
53642
53725
53730
53910
54213
54262
54322
54324
54345
54347
54362
54371
54403
54414
54714
54748
54769
54847
55041
55062
55064
55155
55158
55192
55214
55217
55219
55264
55320
55328
55355
55359
55361
55383
55540
55570
55573
56202
56290
56361
56380
56390
56403
56408
56413
58266
58271
58289
58337
58400
58402
58426
58455
58501
58544
58550
58569
58580
58601
58698
58704
58738
58741
58804
58825
58847
58885
58906
58917
59020
59023
59641
59683
59719
59864
59904
59919
59927
59937
59943
59967
59995
59996
60005
60102
60104
60123
60143
60158
60200
60238
60294
60354
60394
60433
60470
60515
60521
60528
60531
60553
60645
60658
60752
62622
62627
62648
62709
62730
62767
62828
62876
62895
62932
62978
63000
63083
63088
63133
63185
63207
63226
63507
63885
63913
63989
64096
64103
64150
64192
64209
64241
64834
64873
64903
64906
64937
64943
64944
64945
64956
64957
64958
64961
64988
65007
65009
65010
65018
65100
65137
65148
65364
65399
65401
65410
65916
65971
66034
66037
66066
66082
66085
66110
66160
66262
66278
66305
66517
66543
66548
66550
66561
66591
66601
66684
66708
66728
66782
66835
66874
66904
66925
66946
66966
66971
67026
67031
67039
67065
67073
67134
67143
67150
67152
67154
67192
67262
67265
67309
67331
67340
67342
67347
67360
67371
67386
67432
67455
67495
67531
67538
67541
67548
67565
67584
67603
67611
67619
67622
67626
67657
67683
67689
67693
67714
67717
67792
67817
67825
67849
67899
67995
68004
68005
68023
68027
68058
68063
68076
68080
68113
68126
68136
68138
68140
68147
68187
68192
68203
68227
68262
68290
68327
68402
68408
68444
68509
68533
68675
68729
68739
68813
69045
69113
69149
69153
71543
71678
72087
72097
72164
72181
72449
72563
72641
72657
73254
73492
73923
74618
74745
74805
75281
76447
76547
76992
77027
77288
77292
77428
77450
77518
77551
77574
77576
77594
77610
77612
77646
77683
77705
77747
78033
78155
78159
78164
78282
78293
78327
78348
78534
78542
78543
78564
78572
78577
78581
78591
78594
78595
78603
78614
78617
78621
78664
78668
78669
78689
78704
78720
78745
78759
78775
78802
78806
78847
78862
78870
78883
78909
78915
78916
78932
78978
78982
79005
79010
79026
79038
79054
79086
79105
79137
79139
79146
79162
79209
79217
79218
79219
79248
79271
79280
79303
79312
79314
79371
79380
79391
79412
79417
79497
79500
79509
79550
79580
79600
79617
79763
79814
79816
79820
79842
80007
80026
80046
80069
80073
80087
80095
80108
80110
80126
80153
80177
80220
80270
80298
80326
80339
80438
80451
80523
80585
80587
80655
80662
80699
80706
80707
80723
80778
80787
80796
80807
80810
80849
80881
80921
80999
81054
81055
81093
81101
81118
81125
81156
81178
81195
81234
81244
81414
81501
81525
81607
81670
81680
81684
81703
81750
82001
82058
82282
82329
82330
82331
82332
82333
82334
82335
82336
82337
82338
82339
82340
82341
82342
82343
82344
82345
82346
82347
82348
82349
82350
82351
82352
82353
82354
82355
82356
82357
82358
82359
82360
82361
82908
82909
82914
83083
83109
83186
83191
83210
83229
83259
83272
83296
83315
83327
83342
83368
83380
83444
83445
83446
84130
84153
84231
84281
84282
84287
84290
84295
84296
84300
84302
84307
84308
84309
84328
84329
84335
84336
84343
84346
84359
84419
84468
84510
84526
84527
84530
84531
84542
84563
84582
84585
85064
85126
85253
85526
85529
85637
85751
85865
85967
86463
86466
86469
86477
87115
87150
87309
87428
87559
87563
87578
87881
87892
87897
87900
87903
87907
88399
88593
88706
88768
88769
88770
88799
89120
89152
89285
89291
89295
89296
89305
89319
89320
89321
89337
89532
89533
89536
89608
89611
89613
89615
89753
89859
90040
90147
90316
90317
90325
90326
90336
90503
90580
90765
91040
91095
91098
91170
91171
91172
91268
91437
91440
91441
91442
91479
91551
91593
91671
91732
91733
91878
91880
91881
91885
91893
91990
91992
92247
92344
92424
92440
92442
92482
92526
92574
92577
92600
92741
92742
92754
92769
92795
92849
92850
92861
92862
92863
92872
93042
93044
93045
93066
93147
93155
93160
93165
93171
93173
93181
93183
93191
93194
93202
93205
93275
93411
93414
93497
93637
93704
93733
93745
93755
93760
93803
93849
93890
93966
93971
94067
94245
94620
94637
94829
94846
94935
95104
95233
95280
95337
95395
95579
95649
95951
96417
96570
97213
97264
97273
97402
97446
97527
97571
97580
97583
97631
97721
97738
97769
97784
97796
97982
98044
98095
98136
98211
98220
98227
98228
98234
98245
98268
98279
98287
98292
98384
98458
98459
98517
98522
98650
98665
98688
98691
98698
98704
98840
98882
98885
98888
98903
98966
98984
98989
99021
99045
99052
99058
99059
99063
99091
99092
99100
99146
99157
99239
99272
99354
99358
99370
99384
99398
99453
99454
99469
99486
99526
99547
99668
99677
99697
99719
100138
100162
100164
100167
100173
100176
100179
100192
100198
100225
100229
100230
100234
100238
100255
100275
100285
100304
100307
100317
100324
100331
100346
100384
100392
100396
100400
100410
100424
100435
100449
100460
100480
100490
100492
100503
100509
100533
100549
100572
100580
100590
100686
100690
100708
100721
100751
102661
102675
102683
102748
102754
102778
102784
102790
102793
102796
102822
102848
102859
102875
102922
102988
102994
103003
103021
103040
103041
103044
103050
103052
103054
103056
103072
103082
103093
103095
103101
103119
103131
103197
103235
103279
103288
103291
103295
103305
103308
103325
103516
103577
103666
103683
103698
103716
103746
103763
103830
103846
103861
103934
103945
103968
104004
104106
104108
104128
104145
104162
104182
104197
104221
104289
104336
104367
104414
104421
104449
104477
104485
104509
104555
104582
104686
104715
104787
104842
104893
104923
104946
105014
105077
105102
105150
105156
105206
105260
105279
105291
105297
105331
105335
105489
105503
105518
105533
105599
105657
105796
105895
105936
106188
106258
106335
106547
107381
107411
107521
107745
107753
107794
107846
107853
108079
108141
108213
108227
108451
108599
108643
108669
108788
108798
108868
108897
108960
109303
109352
109423
109452
109459
109530
109545
109582
109619
109696
109711
109766
109769
109773
109777
109781
109791
109799
109801
109806
109810
109811
109836
109837
109841
109887
109894
109901
109904
109908
109954
109959
109961
109970
109994
110003
110041
110047
110050
110068
110091
110100
110137
110141
110237
110302
110304
110313
110322
110394
110395
110425
110498
110501
110509
110511
110514
110518
110534
110544
110557
110558
110566
110603
110665
110711
110712
110721
110724
110746
110773
110782
110789
110830
110843
110849
110856
110874
111039
111089
111090
111096
111118
111136
111155
111171
111173
111174
111177
111269
111272
111354
111388
111390
111395
111404
111405
111418
111421
111426
111451
111465
111471
111476
111481
111486
111487
111555
111585
111616
111621
111622
111626
111638
111669
111676
111705
111713
111780
111805
111875
111937
111949
111967
111994
111999
112001
112013
112017
112019
112032
112153
112157
112356
112418
112432
112434
112468
112534
112536
112560
112564
112593
112613
112630
112750
112754
112769
112789
112799
112817
112819
112847
112852
112887
112940
112963
112986
113014
113190
113196
113234
113248
113256
113257
113276
113310
113320
113343
113356
113365
113441
113489
113553
113567
113672
113676
113693
113697
113738
113749
113799
113800
113801
113865
113883
113887
113920
113948
113952
113996
114043
114083
114091
114092
114126
114127
114128
114264
114321
114322
114324
114325
114326
114348
114358
114370
114465
114468
114506
114551
114631
114768
114800
114999
115027
115030
115031
115037
115057
115105
115115
115118
115155
115572
116432
116488
116489
116513
116818
116886
116890
116922
118261
118379
118394
118497
118502
119691
119714
119785
120196
120285
120293
120307
120328
120335
120342
120501
120521
120599
120626
120678
120683
120868
120960
121029
121040
121078
121085
121088
121092
121116
121120
121127
121185
121203
121204
121238
121289
121296
121306
121325
121354
121400
121409
121436
121452
121453
121462
121472
121507
121508
121579
121598
121622
121628
121640
121641
121649
121655
121669
121694
121717
121721
121724
121735
121751
121756
121758
121765
121768
121784
122109
122160
122181
122187
122191
122200
122205
122207
122212
122230
122234
122242
122248
122255
122257
122260
122261
122262
122269
122270
122283
122295
122300
122303
122354
122365
122372
122386
122399
122403
122404
122437
122455
122500
122547
122861
122928
122957
122992
123071
123110
123131
123166
123258
123263
123290
123330
123377
123381
123384
123441
123496
123566
123574
123599
123626
123637
123648
123653
123655
123657
123669
123679
123700
123746
123769
123794
123813
123832
123857
123868
123891
123915
123925
123934
124460
124596
124635
124673
124689
124754
124761
124814
124850
124988
125033
125074
125091
125098
125118
125314
125319
125351
125387
125388
125397
125462
125470
125481
125485
125502
125506
126017
126050
126362
126479
126571
126578
126589
126612
126631
126634
126638
126794
126996
127000
127035
127378
127490
127503
127565
127573
127774
127775
127950
127971
128001
128016
128091
128169
128329
128333
128392
128393
128465
128521
128524
128549
128670
128679
128693
129072
129078
129105
129127
129172
129206
129443
129705
129803
130047
130667
130668
130704
130719
130721
130726
130735
130757
130777
131118
131222
131236
131295
131339
131365
131393
131646
131660
132067
132070
132071
132092
132094
132101
132111
132113
132117
132125
132128
132144
132220
132569
132576
132584
132585
132586
132591
132595
132605
132750
132778
132885
132974
132978
132980
133005
133082
133166
133271
133459
133495
133499
135560
136115
137505
137514
137611
137632
137913
137915
138478
138479
138490
138491
138533
138536
138552
138581
138585
138587
138661
138710
138779
138789
138820
138894
138950
139059
139063
139075
139176
139185
139188
139190
139260
139269
139272
139286
139329
139355
139356
139369
139382
139407
139429
139465
139570
139614
139616
139626
139673
139674
139686
139880
139967
140037
140065
140090
140189
140279
140283
140341
140344
140346
140353
140355
140357
140362
140438
140440
140446
140525
140526
140528
140530
140667
140675
140680
140681
140759
140788
140789
140791
140792
140794
140799
140831
140847
140968
141074
141077
141083
141089
141115
141139
141218
141229
141248
141252
141253
141265
141267
141284
141314
141320
141325
141397
141404
141436
141438
141441
141443
141445
141446
141448
141450
141549
141555
141558
141563
141598
141687
141719
141752
141779
141809
141811
141836
141841
141860
141865
141896
141940
141955
141959
141960
141975
141987
142118
142123
142131
142132
142167
142333
142334
142348
142349
142355
142371
142374
142376
142391
142398
142416
142425
142426
142468
142470
142506
142512
142525
142529
142560
142592
142594
142595
142596
142597
142601
142608
142617
142647
142670
142895
142919
143080
143140
143145
143248
143264
143278
143355
143407
143511
143653
143770
143798
143845
143970
144326
144327
144351
144367
144414
144428
144453
144466
144473
144479
144481
144482
144494
144512
144513
144514
144522
144523
144524
144601
144609
144611
144619
144648
144661
144734
144738
144740
144743
144794
144795
144796
144798
144799
144800
144801
144804
144805
144806
144807
144809
144811
144812
144813
144816
144817
144818
144825
144827
144834
144837
144838
144845
144852
144854
144856
144860
144865
144874
144926
144940
144967
144984
145025
145030
145041
145042
145043
145044
145045
145046
145048
145054
145055
145066
145072
145073
145190
145196
145197
145201
145202
145252
145306
145332
145333
145335
145340
145400
145414
145484
145521
145576
145592
145609
145787
145811
145861
145888
145894
145911
146081
146226
146800
146872
146902
148192
148285
148536
148560
150585
159096
159104
164525
164528
164530
164533
164753
164781
165220
165510
165514
165535
165544
165562
165567
165614
165619
165624
165633
165675
165676
165686
165692
165708
165737
165768
165794
165795
165820
165953
166191
166212
166214
166219
166230
166239
166244
166246
166247
166248
166252
166279
166294
166297
166301
166306
166310
166315
166316
166325
166328
166335
166437
166439
166449
166451
166724
166731
166735
166786
167032
167186
167272
167274
167277
167335
167677
167703
167705
167706
167716
167725
167742
167750
167758
167761
167764
167773
167778
167781
167788
167791
167793
167798
167800
167809
167812
167817
167818
167822
167823
167825
167828
167840
167847
167848
167850
167859
167877
167879
167880
167978
167989
167991
168117
168436
168447
168467
168473
168510
168512
168515
168533
168537
168543
168544
168545
168553
168572
168588
168612
168736
168783
168800
171068
171088
171089
171096
171097
171106
171181
171205
171211
171212
171242
171355
171392
171430
171494
171518
171586
171605
171621
171632
171698
171747
171748
171965
171985
172006
172103
172157
172569
172641
172696
172772
172783
172853
172867
172879
172895
172919
172944
172961
172975
172986
172989
173004
173008
173019
173024
173027
173054
173136
173154
173171
173188
173201
173218
173240
173270
173271
173486
173492
173511
173532
174153
174234
174247
174248
174254
174270
174326
174362
174410
174462
174509
174538
174545
174834
174896
174923
174925
175177
175289
175379
177809
177853
177856
177891
177901
177902
177909
177912
177978
177979
178022
178059
178127
178133
178137
178160
178163
178290
178310
179499
179531
179561
179580
179641
179647
179651
179663
179711
179716
179723
179887
179927
180285
180298
180500
182883
183248
183591
185964
186909
187020
193264
193286
193429
193570
193676
193947
193970
194026
194056
194223
194702
195621
196136
196878
197833
197915
210467
211583
212338
213070
213178
213430
213514
213841
214115
214175
215989
220532
220625
220709
221511
221576
221687
221713
221760
221997
222049
222121
222253
222267
222414
222454
222541
222568
222586
222626
222800
222807
223139
223184
223259
223313
223803
223886
223986
223995
224180
224216
224285
224340
224358
224367
224441
229576
230955
235610
240468
240526
240543
240575
240598
240604
241389
241626
243120
246268
246871
246986
247426
247596
247851
251101
259804
263649
263702
263707
263709
263712
263714
263718
263724
263735
263742
263758
263763
263768
263769
263771
263779
263787
263788
263794
263797
263804
263844
263868
263882
263893
263896
263898
263910
263913
263923
263924
263941
263943
263949
263956
263969
263976
263980
263990
264011
264017
264032
264040
264043
264046
264055
264094
264096
264099
264101
264111
264112
264113
264114
264116
264127
264137
264149
264153
264157
264165
264170
264182
264186
264190
264204
264236
264262
264288
264289
264293
264319
264341
264353
264370
264390
264397
264400
264412
264421
264424
264429
264753
264756
264757
264759
264787
264791
264816
264826
264871
264877
264898
264906
264911
265135
265149
265174
265223
265229
265230
265253
265557
265606
265608
265642
265652
265674
265689
265753
265782
265799
265808
265849
265879
265904
265912
265917
265918
265919
265947
265962
265975
265980
266015
266038
266081
266097
266105
266115
266122
266128
266151
266155
266157
266180
266187
266221
266242
266279
266315
266332
266355
266371
266388
266432
266475
266494
266562
267124
267145
267158
267159
267176
267507
267508
267523
267534
268498
272074
272075
272084
272091
272092
272107
272121
272122
272132
272137
272149
272155
272156
272172
272179
272196
272918
272965
273320
273322
273337
273476
275569
275573
275593
275594
275610
275615
275623
275656
275691
276008
276080
276085
276220
276310
276459
276508
276597
276601
276602
276649
276650
276675
276676
276690
276850
276873
276891
276913
276983
277043
277060
277076
277077
277079
277316
277360
277416
277436
277449
277494
277509
278305
278306
278307
278315
278328
278334
278341
278350
278492
278521
278535
278553
278555
278601
278615
278886
279039
279049
279052
279057
279063
279081
279096
279101
279103
279105
279108
279109
279110
279113
279115
279116
279120
279124
279136
279142
279147
279152
279155
279163
279169
279173
279175
279179
279201
279205
279206
279216
279220
279238
279241
279243
279244
279255
279264
279271
279288
279292
279297
279299
279303
279307
279318
279326
279337
279351
279353
279355
279357
279361
279365
279368
279374
279376
279377
279405
279410
279423
279429
279446
279458
279465
279470
279478
279479
279483
279492
279511
279534
279536
279543
279548
279550
279565
279585
279589
279593
279607
279608
279609
279627
279634
279647
279655
279684
279686
279697
279700
279702
279712
279714
279727
279728
279736
279745
279746
279747
279750
279759
279760
279764
279767
279789
279798
279806
279807
279808
279814
279817
279840
279873
279882
279887
279903
279930
279955
279967
279978
279995
279997
279998
280000
280002
280005
280011
280013
280017
280030
280046
280047
280050
280056
280062
280067
280071
280080
280119
280122
280152
280164
280171
280182
280187
280198
280205
280209
280212
280225
280241
280723
280754
280765
280772
280774
280776
280777
280780
280784
280787
280788
280789
280793
280798
280799
280800
280801
280804
280806
280807
280811
280815
280818
280821
280827
280829
280833
280836
280839
280840
280841
280844
280846
280851
280852
280914
281165
283174
283175
283176
283232
283350
283416
283428
283438
283517
283620
283661
283693
283803
283850
283865
283919
284049
284062
284066
288436
291599
291609
294652
294832
295066
295111
295139
295216
295266
295284
295292
295297
295387
295420
295482
295498
295697
295750
295994
296008
296239
296275
296383
296543
296599
296653
296664
296888
296938
297177
297216
297220
297231
297304
297309
297330
297342
297370
297376
297563
297586
297721
297743
297748
297779
297837
297841
297881
297994
297996
298143
298363
298385
298405
298429
298579
298718
298839
298840
298841
298905
298962
298974
299114
299153
299245
299264
299276
299334
299417
299636
299786
299808
299960
300003
300064
300264
300409
300464
300532
300610
300810
300930
301192
301264
301316
301352
301431
301432
301435
301578
301629
301647
301649
301697
301768
301970
302049
302129
302179
302200
302228
302229
302260
302650
302753
302780
302825
302982
303191
303222
303287
303307
303372
303435
303541
303570
303686
303705
303833
303867
303890
303923
303958
303959
304011
304142
304196
304426
305341
305870
305980
306143
306150
306225
306547
306826
306841
306851
306865
306894
307102
307258
307262
307396
307406
307410
307455
307755
307925
308021
308064
308087
308346
308532
308688
308872
309096
309143
309257
309526
309536
309553
309584
309663
309768
309780
309928
309934
309953
309997
310042
310166
310270
310456
310547
310717
310811
311071
311086
311191
311436
311459
311484
311493
311531
311563
311586
311603
311618
311837
311857
311974
311981
311989
312023
312042
312680
312687
312985
313143
313220
313270
313398
313479
313584
313743
313748
313770
313933
313956
314291
314299
314306
314344
314382
314435
314445
314479
314577
314579
314779
314847
314904
316553
316807
316953
317155
317244
317332
317492
317724
317727
317728
317855
317937
318054
318127
318194
318446
318527
318631
318674
318696
318892
318927
318936
318966
318979
319090
319134
319145
319193
319228
319309
319319
319509
319534
319618
319703
319751
319783
319785
319788
319905
319985
319987
320034
320086
320088
320104
320338
320353
320364
320401
320447
320630
320659
320719
320948
321097
321169
321235
321452
321491
321536
321561
321740
321780
321812
321845
321905
321911
322138
322300
322317
322318
322364
322375
322435
322619
322674
322711
322743
322815
322820
322850
322852
322883
322895
322932
323010
323011
323073
323108
323117
323172
323219
323240
323257
323310
323316
323319
323342
323486
323749
323797
324018
324090
324157
324227
324286
324360
324368
324533
324605
324607
324675
324987
325056
325103
325495
325531
325662
325882
325898
325969
325988
326001
326009
326016
326065
326387
326415
326426
326512
326578
326678
326918
326955
326965
326993
327112
327266
327310
327365
327398
327490
327514
327579
327623
327691
327753
327847
328014
328021
328062
328074
328288
328297
328314
328565
328587
328642
328688
328704
328713
328718
328750
328905
328922
328970
329004
329033
329070
329072
329149
329164
329467
329471
329526
329664
329723
329762
329783
329826
329949
329981
330057
330075
330147
330280
330384
330410
330650
330712
330725
330808
330970
331080
331170
331209
331257
331300
331390
331470
331624
331666
331712
331751
331861
331862
332402
332488
332696
332721
332828
332874
333012
333243
333271
333375
333900
333940
333954
334184
334188
334197
334200
334627
334657
334694
334806
335137
335147
335278
335322
335359
335452
335552
335735
335739
335751
335868
336011
336165
336376
336637
336699
339010
339021
339102
339181
339288
339321
339458
339538
339613
339782
339804
339812
339891
339958
340134
340167
340223
340337
340438
340867
340923
340977
341120
341141
341415
341498
341726
341836
342163
342196
342296
342324
342328
342456
342532
342730
342995
343108
343152
343180
343480
343486
343514
343590
343612
343773
343796
343818
343881
343960
343970
343978
344098
344136
344160
344189
344266
344288
344349
344351
344498
344508
344541
344581
344601
344649
344703
344707
344709
344786
344803
344849
344896
344905
344925
344989
345123
345357
345359
345360
345400
345726
345744
346015
346024
346083
346106
346548
347927
347947
348156
348164
348232
348271
348343
348616
348684
348705
348805
348915
348997
349054
349411
349422
349620
349868
349890
349917
350262
350263
350303
350359
350681
351255
351659
351765
351949
352050
352136
352555
352916
353089
353193
353217
353259
353530
353620
353872
353929
354018
354036
354042
354060
354346
354401
354521
354751
354997
355032
355163
355310
355339
355362
355425
355635
355692
355755
355792
355864
355867
355886
356576
356674
356714
356715
357068
357080
357083
357459
357646
357789
357815
357820
358492
358497
358498
358752
359459
359863
360508
360625
360703
360903
360910
361008
361022
361042
361084
361215
361240
361245
361295
361824
361860
361877
362764
363783
363951
363964
364193
364198
364216
364472
364484
364505
364509
364647
364648
364650
364678
364682
364728
364729
364730
364731
364733
364743
364745
364755
364766
364776
364790
364797
364920
364937
365018
365044
365051
365061
365069
365108
365136
365162
365229
365254
365264
365275
365276
365281
365313
365343
365380
365395
365433
365442
365470
365510
365518
365527
365665
365668
365670
365701
365703
365704
365808
365854
365874
366059
366177
366373
366383
366642
366720
366952
366962
367130
367198
367484
367846
373383
375361
377364
378088
380217
380385
380540
380569
381148
381152
381180
381372
381624
381710
383401
385585
385662
385745
386152
386245
386397
386445
387586
387753
387763
387765
387770
388167
388181
388191
388231
388281
389324
389326
389483
389572
389585
389983
390260
390262
390269
390627
390632
390761
390776
390793
391053
391057
391421
392139
392288
392639
392989
392995
393070
393166
393390
393518
393519
393641
393650
393743
393744
393949
395027
395144
396949
397104
397230
397279
397398
397783
400620
400738
400742
400852
400900
401305
401318
401335
401360
401389
401405
401410
401439
401442
401445
401455
401487
401491
401493
401507
401518
401521
401526
401532
401533
401536
401548
401550
401553
401579
401588
401607
401633
401660
401695
401697
401705
401713
401715
401724
401727
401774
401793
401803
401812
401819
401829
401842
401845
401879
401881
401893
401895
401899
401900
401902
401904
401911
401932
401940
402031
402046
402052
402102
402105
402164
402190
402203
402226
402232
402233
402241
402254
402256
402272
402287
402289
402451
402556
402607
403099
403111
403269
403358
403526
403627
403725
403906
404000
404033
408276
408287
408385
408428
408475
408784
408797
409024
409027
409102
409135
409808
409930
409974
410369
410382
410384
410389
410881
414111
414132
416713
416880
417213
418307
418826
419790
420153
422223
422235
422236
423741
423817
423841
425150
425155
425162
425167
425193
425219
425225
425227
425231
425914
426247
426613
426820
427348
427372
428187
428191
428198
428239
428302
428381
428383
428395
428870
434333
434411
434463
434658
436461
436462
436466
436467
436470
436473
436475
436477
436478
436480
436481
436602
436721
436759
436770
436773
436787
436815
436993
437158
437207
438125
438182
438541
439460
439851
439880
440058
440115
440132
440139
440188
440298
440773
441409
441437
441473
441494
441514
441564
441670
441693
441739
441876
442070
442173
442250
442443
442495
442498
442499
442714
442895
443101
443380
443400
444100
444456
445056
445130
445168
445250
445269
445409
445446
446169
446397
446585
446754
446873
447500
447505
447507
447605
447615
447649
447665
447717
447914
447922
447941
448031
448056
448057
448062
448077
448168
448307
448330
448390
448397
448617
448711
448720
448751
448828
448892
448962
448965
449032
449060
449063
449130
449138
449226
449307
449347
449402
449568
449569
449570
449592
449652
449701
449713
449740
449782
449797
449816
449822
449825
449837
458196
458219
458224
458241
458254
458257
458258
458271
458287
458296
458301
458302
458304
458324
458333
458338
458345
458379
458384
458389
458424
458425
459388
459406
459413
459456
459481
459550
460312
460340
460357
461798
461799
462217
462225
462234
462285
465330
465900
466968
467873
468074
468129
469286
473114
475616
475630
475632
475633
475640
475648
475656
475658
475661
475663
475665
475668
475672
475676
475678
475681
475682
475683
475684
475688
475692
475697
475713
475721
475735
475739
475742
475763
475774
475777
475794
475798
475809
475815
475817
475820
475826
475830
475832
475833
475836
475841
475844
475856
475869
475870
475873
475879
475901
475904
475909
475924
475950
475957
475960
475964
475966
475974
475979
475987
475988
475996
475998
475999
476003
476006
476014
476040
476050
476063
476075
476077
476079
476084
476091
476097
476120
476125
476210
476214
476220
476228
476246
476275
476294
476296
476313
476316
476326
476478
476566
476709
476711
476720
476729
476731
476739
476742
476758
476776
476777
476778
476798
476811
476848
476864
476873
476886
476889
476897
476901
476904
476929
476933
476948
476966
476982
477018
477034
477039
477044
477061
477070
477073
477077
477103
477107
477114
477147
477156
477180
477187
477193
477211
477212
477214
477217
477238
477242
477262
477267
477298
477306
477321
477326
477329
477340
477343
477345
477355
477361
477365
477366
477367
477371
477385
477408
477412
477413
477417
477424
477442
477459
477464
477519
479615
479663
479948
479972
480017
480111
480117
480288
480496
480959
480962
480970
481073
481075
481087
481120
481130
481156
481173
481192
481200
481214
481222
481246
481259
481260
481362
481411
481431
481471
481592
481593
481636
481653
481672
481698
481704
481770
481842
481889
481895
481917
481920
481927
481936
482006
482022
482068
482110
482207
482289
482293
482297
482302
482318
482336
482339
482357
482359
482372
482381
482441
482464
482484
482506
482514
482532
482551
482553
482600
482602
482603
482616
482654
482663
482728
482740
482748
482760
482812
482843
482878
482885
482948
482966
482981
482990
483008
483052
483133
483205
483300
483311
483332
483359
483394
483411
483423
483425
483478
483479
483493
483585
483598
483615
483623
483627
483660
483673
483701
483720
483728
483733
483769
483782
483834
483855
483862
483896
483943
483945
483946
483958
483975
484008
484013
484015
484038
484058
484123
484128
484133
484156
484173
484243
484252
484256
484264
484269
484304
484334
484344
484375
484379
484385
484397
484492
484494
484507
484527
484553
484558
484568
484569
484584
484629
484631
484640
484644
484715
484725
484746
484794
484817
484862
484875
484907
485024
485027
485078
485194
485258
485261
485289
485295
485317
485319
485356
485358
485372
485373
485374
485379
485391
485401
485435
485467
485493
485496
485511
485537
485538
485543
485596
485628
485640
485643
485649
485674
485676
485684
485696
485726
485732
485745
485775
485793
485799
485817
485821
485829
485867
485953
486000
486023
486030
486034
486054
486055
486058
486066
486073
486082
486132
486183
486206
486774
489227
489236
489237
489345
489346
489348
489353
489359
489374
489378
489380
489405
489411
489419
489788
489796
489808
489815
489816
489817
489828
489847
489850
489851
489860
489873
489876
489886
489890
489901
489905
489917
489924
489929
489930
489939
489943
489953
489962
489973
489976
489996
490001
490007
490028
490033
490034
490051
490065
490071
490080
490100
490116
490121
490123
490132
490148
490153
490155
490163
490168
490170
490172
490177
490363
490445
490478
490860
491853
491879
491911
491953
491999
492000
492055
492067
492068
492378
492408
492413
492423
492426
492437
492452
492454
495666
495676
495680
495687
495694
495724
495762
495786
495793
495799
496944
497156
497210
497214
497239
497266
497269
497292
497295
497317
497506
497509
497510
497512
497521
497529
497531
497533
497541
497546
497598
497612
497621
497622
497623
497624
497626
497630
497631
497651
497665
497666
497667
497770
497774
497779
497787
497789
497812
497817
497831
497833
497854
497867
497873
497901
497902
497909
497911
497928
497929
497955
497965
497976
498023
498029
498032
498083
498087
498095
498103
498125
498147
498160
498169
498185
498188
498200
498209
498225
498230
498236
498256
498258
498268
498302
498309
498318
498322
498382
498387
512129
512132
512375
521422
525324
526136
526146
527955
528054
528113
528131
528194
528376
528426
528724
528798
528975
529095
529100
529124
529168
529177
529185
529192
529225
529234
529239
530063
530345
530563
530569
530655
530681
530717
530858
530895
531050
531708
531722
531732
531740
531751
531756
531763
531772
531774
531775
531778
531781
531792
531810
531818
531846
531868
531878
531884
531897
531931
531932
531940
531955
531957
531998
532030
532043
532058
532065
532069
532071
532083
532089
532110
532112
532138
532139
532143
532158
532161
532166
532191
532201
532202
532223
532234
532247
532252
532258
532259
532272
532274
532283
532289
532297
532305
532313
532328
532330
532333
532342
532347
532363
532366
532369
532403
532426
532429
532458
532495
532558
532654
532680
532756
534943
535061
535206
538678
538698
539984
540442
540528
540972
543549
544222
544386
544670
545738
546327
546342
546400
546417
546439
547124
549862
550766
551075
551124
552976
553998
554010
554103
555599
555623
556039
556074
556193
556210
556246
556313
556372
556399
556500
556795
556965
557032
557119
557157
557200
557278
557332
557434
557567
557653
557741
557989
558390
558445
558457
558501
558632
558698
558706
558734
558774
560073
561261
561481
569219
571646
572479
575937
577202
581848
583420
583909
584000
584234
584329
585355
585476
591296
591598
592366
593844
598540
598624
598685
598833
599165
607908
608755
610843
614179
622753
623606
624212
627251
628734
630009
633828
633857
634394
635982
636288
637053
637126
640597
640880
642147
643677
644045
644073
644087
644276
644412
644466
644470
644489
644495
644511
644559
644579
645464
645909
646141
646143
646170
646199
646348
646372
646448
646507
646508
646960
647475
647480
648298
648360
648757
648848
648991
660066
661775
661876
661928
661970
662071
662113
662136
662789
662804
680289
694400
694407
698467
698580
698627
698634
698736
698817
698894
698928
699034
699256
699436
699467
699472
699604
699652
699701
699743
699904
699949
699961
700004
700192
700269
700325
700353
700712
700718
701146
701323
701664
701843
701884
703297
704241
712365
712901
715847
715874
716059
716067
716082
716308
716686
716688
724346
726808
745703
745793
746080
746081
748278
748765
749086
754762
755239
755248
755254
755262
755388
756591
756989
760948
805340
811893
811928
830089
835969
835974
835979
835983
836006
836023
836025
836027
836030
836044
836057
836062
836074
836075
836082
836087
836094
836118
836140
836146
836152
836153
836155
836178
836204
836217
836251
836259
836263
836270
836271
836284
836304
836319
836337
836342
836368
836372
836376
836377
836383
836401
836406
836411
836432
836449
836456
836461
836466
836474
836488
836491
836499
836500
836518
836521
836523
836533
836535
836536
836550
836566
836574
836579
836583
836595
836624
836631
836647
836653
836660
836671
836678
836680
836683
836697
836717
836719
836722
836725
836736
836739
836748
836775
836792
836795
836810
836822
836823
836827
836831
836836
836841
836846
836851
836874
836882
836887
836903
836906
836919
836938
836942
836943
836947
836961
836968
836970
836976
836977
836986
837001
837026
837033
837035
837052
837054
837058
837068
837082
837090
837095
837099
837144
837185
837197
837203
837211
837212
837213
837221
837223
837251
837265
837266
837294
837311
837313
837329
837341
837348
837353
837360
837370
837373
837387
837392
837405
837407
837410
837415
837424
837450
837453
837476
837481
837482
837495
837517
837528
837530
837536
837540
837541
837550
837561
837570
837578
837582
837592
837603
837606
837616
837617
837632
837642
839606
840073
840086
840105
840116
840132
840488
840718
840789
840806
840973
841084
841224
841472
841516
841763
841902
841915
841977
842089
842254
862024
862386
862533
862574
862941
863953
901121
901136
901151
901214
901374
901838
901886
901899
901924
901951
902044
902109
902165
902197
902205
902224
902243
902339
902386
902423
902478
902492
902513
902516
902542
902560
902602
902726
902733
902738
902783
902865
903059
903142
903212
903302
903310
903876
904053
904107
904150
904790
904797
905050
905054
905061
905062
905084
905092
905104
905119
905169
905221
905242
905248
905263
905264
905267
911571
945689
945996
947630
949664
949731
950323
950348
950427
950545
952215
971262
